/*********Generate Binary Input Stream*********/
32,32,32___256,256,256....
32768,32768,32768,32768,32768,32768,32768,32768,32768,32768,32768,32768,32768,32768,32768,32768,32768,32768,32768,32768,32768,32768,32768,32768,32768,32768,32768,32768,32768,32768,32768,32768,32768,32768,32768,32768,32768,32768,32768,32768,32768,32768,32768,32768,32768,32768,32768,32768,32768,32768,32768,32768,32768,32768,32768,32768,32768,32768,32768,32768,32768,32768,32768,32768,32768,32768,32768,32768,32768,32768,32768,32768,32768,32768,32768,32768,32768,32768,32768,32768,32768,32768,32768,32768,32768,32768,32768,32768,32768,32768,32768,32768,32768,32768,16777216,16777216,16777216,16777216,16777216,16777216,16777216,16777216,16777216,16777216,16777216,16777216,16777216,16777216,16777216,16777216,16777216,16777216,16777216,16777216,16777216,16777216,16777216,16777216,16777216,16777216,16777216,16777216,16777216,16777216,16777216,16777216,16777216,16777216,16777216,16777216,16777216,16777216,16777216,16777216,16777216,16777216,16777216,16777216,16777216,16777216,16777216,16777216,16777216,16777216,16777216,16777216,16777216,16777216,16777216,16777216,16777216,16777216,16777216,16777216,16777216,16777216,16777216,16777216,16777216,16777216,16777216,16777216,16777216,16777216,16777216,16777216,16777216,16777216,16777216,16777216,16777216,16777216,16777216,16777216,16777216,16777216,16777216,16777216,16777216,16777216,16777216,16777216,16777216,16777216,16777216,16777216,16777216,16777216,16777216,16777216,16777216,16777216,32768,32768,32768,32768,32768,32768,32768,32768,32768,32768,32768,32768,32768,32768,32768,32768,32768,32768,32768,32768,32768,32768,32768,32768,32768,32768,32768,32768,32768,32768,32768,32768,32768,32768,32768,32768,32768,32768,32768,32768,32768,32768,32768,32768,32768,32768,32768,32768,32768,32768,32768,32768,32768,32768,32768,32768,32768,32768,32768,32768,32768,32768,32768,32768,32768,32768,32768,32768,32768,32768,32768,32768,32768,32768,32768,32768,32768,32768,32768,32768,32768,32768,32768,32768,32768,32768,32768,32768,32768,32768,32768,32768,32768,32768,32768,32768,32768,32768,32768,32768,32768,32768,32768,32768,32768,32768,32768,32768,32768,32768,32768,32768,32768,32768,32768,32768,32768,32768,32768,32768,32768,32768,32768,32768,32768,32768,32768,32768,32768,32768,32768,32768,32768,32768,32768,32768,32768,32768,32768,32768,32768,32768,32768,32768,32768,32768,32768,32768,32768,32768,32768,32768,32768,32768,32768,32768,32768,32768,32768,32768,32768,32768,32768,32768,32768,32768,32768,32768,32768,32768,32768,32768,32768,32768,32768,32768,32768,32768,32768,32768,32768,32768,32768,32768,32768,16777216,16777216,16777216,16777216,16777216,16777216,16777216,16777216,16777216,16777216,16777216,16777216,16777216,16777216,16777216,16777216,16777216,16777216,16777216,16777216,16777216,16777216,16777216,16777216,16777216,16777216,16777216,16777216,16777216,16777216,16777216,16777216,16777216,16777216,16777216,16777216,16777216,16777216,16777216,16777216,16777216,16777216,16777216,16777216,16777216,16777216,16777216,16777216,16777216,16777216,16777216,16777216,16777216,16777216,16777216,16777216,16777216,16777216,16777216,16777216,16777216,16777216,16777216,16777216,16777216,16777216,16777216,16777216,16777216,16777216,16777216,16777216,16777216,16777216,16777216,16777216,16777216,16777216,16777216,16777216,16777216,16777216,16777216,16777216,16777216,16777216,16777216,16777216,16777216,16777216,16777216,16777216,16777216,32768,32768,32768,32768,32768,32768,32768,32768,32768,32768,32768,32768,32768,32768,32768,32768,32768,32768,32768,32768,32768,32768,32768,32768,32768,32768,32768,32768,32768,32768,


Execution in GPU only started

Code: 111111111111111111111111111111111111111111111111111111111111111111111111111111111111111111111111111111111111111111111111111111111111111111111111111111111111111111111111111111111111111111111111111111111111111111111111111111111111111111111111111111111111111111111111111111111111111111111111111111111111111111111111111111111111111111111111111111111111111111111111111111111111111111111111111111111111111111111111111111111111111111111111111111111111111111111111111111111111111111111111111111111111111111111

Execution in CPU only started

Code: 00000000000000000000000000000000000000000000000000000000000000000000000000000000000000000000000000000000000000000000000000000000000000000000000000000000000000000000000000000000000000000000000000000000000000000000000000000000000000000000000000000000000000000000000000000000000000000000000000000000000000000000000000000000000000000000000000000000000000000000000000000000000000000000000000000000000000000000000000000000000000000000000000000000000000000000000000000000000000000000000000000000000000000000

Automated Hybrid Execution started

Code: 10000011111000000000000000000000000000000000000000000000111110000000000000000000000000000000000OC1OC1OC1OC1OC1OCSM1111111111111111111111111111111111111111111111OCSM1111111111111111111111111111111111111111111111OCSM111111111111111111111111111111111111111111111100000000000000000000000000000000000000000000000000111110000000000000000000000000000000000000000000000000000000000000000011111000000000000000OCSM1111111111111111111111111111111111111111111111OCSM1111111111111111111111111111111111111111111111OCSM1111111111111111111111111111111

Automated ML only Execution started

Code: 100000000000000000000000000000000000000000000000000000000000000000000000000000000000000000000001111111111111111111111111111111111111111111111111111111111111111111111111111111111111111111111111100000000000000000000000000000000000000000000000000000000000000000000000000000000000000000000000000000000000000000000000000000000000000000000000000000000000000000000000000000000000000000111111111111111111111111111111111111111111111111111111111111111111111111111111111111111111111000000000000000000000000000000

CPU:	12202	GPU:	1282	SelfFlow:	1222	ML Flow:	1119


/*********Generate Square Wave Input Stream*********/
2621440,2621440,2621440,2621440,2621440,2621440,2621440,2621440,2621440,2621440,2621440,2621440,2621440,2621440,2621440,2621440,2621440,2621440,2621440,2621440,2621440,2621440,2621440,2621440,2621440,2621440,2621440,2621440,2621440,2621440,2621440,2621440,2621440,2621440,2621440,2621440,2621440,2621440,2621440,2621440,2621440,2621440,2621440,2621440,2621440,2621440,2621440,2621440,2621440,2621440,2621440,2621440,2621440,2621440,2621440,2621440,2621440,2621440,2621440,2621440,2621440,2621440,2621440,2621440,2621440,2621440,2621440,2621440,2621440,2621440,2621440,2621440,2621440,2621440,2621440,2621440,2621440,2621440,2621440,2621440,2621440,2621440,2621440,2621440,2621440,2621440,2621440,2621440,2621440,2621440,2621440,2621440,2621440,2621440,2621440,2621440,2621440,2621440,10485760,10485760,10485760,10485760,10485760,10485760,10485760,10485760,10485760,10485760,10485760,10485760,10485760,10485760,10485760,10485760,10485760,10485760,10485760,10485760,10485760,10485760,10485760,10485760,10485760,10485760,10485760,10485760,10485760,10485760,10485760,10485760,10485760,10485760,10485760,10485760,10485760,10485760,10485760,10485760,10485760,10485760,10485760,10485760,10485760,10485760,10485760,10485760,10485760,10485760,10485760,10485760,10485760,10485760,10485760,10485760,10485760,10485760,10485760,10485760,10485760,10485760,10485760,10485760,10485760,10485760,10485760,10485760,10485760,10485760,10485760,10485760,10485760,10485760,10485760,10485760,10485760,10485760,10485760,1835008,1835008,1835008,1835008,1835008,1835008,1835008,1835008,1835008,1835008,1835008,1835008,1835008,1835008,1835008,1835008,1835008,1835008,1835008,1835008,1835008,1835008,1835008,1835008,1835008,1835008,1835008,1835008,1835008,1835008,1835008,1835008,1835008,1835008,1835008,1835008,1835008,1835008,1835008,1835008,1835008,1835008,1835008,1835008,1835008,1835008,1835008,1835008,1835008,1835008,1835008,1835008,1835008,1835008,3440640,3440640,3440640,3440640,3440640,3440640,3440640,3440640,3440640,3440640,3440640,3440640,3440640,3440640,3440640,3440640,3440640,3440640,3440640,3440640,3440640,3440640,3440640,3440640,3440640,3440640,3440640,3440640,3440640,3440640,3440640,3440640,3440640,3440640,3440640,3440640,3440640,3440640,3440640,3440640,3440640,3440640,3440640,3440640,3440640,3440640,3440640,3440640,3440640,3440640,3440640,3440640,3440640,3440640,3440640,3440640,3440640,3440640,3440640,3440640,3440640,3440640,3440640,3440640,3440640,3440640,3440640,3440640,3440640,3440640,3440640,3440640,3440640,3440640,3440640,3440640,3440640,3440640,3440640,3440640,3440640,3440640,3440640,3440640,3440640,3440640,3440640,3440640,3440640,3440640,3440640,3440640,3440640,3440640,3440640,3440640,3440640,3440640,3440640,3440640,3440640,3440640,3440640,3440640,3440640,3440640,3440640,3440640,3440640,3440640,3440640,3440640,3440640,3440640,3440640,3440640,3440640,3440640,3440640,3440640,3440640,3440640,3440640,3440640,3440640,3440640,3440640,3440640,3440640,3440640,3440640,3440640,3440640,3440640,3440640,3440640,3440640,3440640,3440640,3440640,3440640,3440640,3440640,3440640,3440640,3440640,3440640,3440640,3440640,3440640,3440640,3440640,3440640,3440640,3440640,3440640,3440640,3440640,3440640,3440640,3440640,3440640,3440640,3440640,3440640,3440640,3440640,3440640,3440640,3440640,3440640,3440640,3440640,3440640,3440640,3440640,3440640,3440640,3440640,3440640,3440640,3440640,3440640,3440640,3440640,3440640,3440640,3440640,3440640,3440640,3440640,3440640,3440640,3440640,3440640,3440640,3440640,3440640,3440640,3440640,3440640,3440640,3440640,3440640,3440640,3440640,3440640,3440640,3440640,3440640,3440640,3440640,3440640,3440640,3440640,3440640,3440640,3440640,3440640,3440640,3440640,3440640,3440640,3440640,3440640,3440640,3440640,3440640,3440640,3440640,3440640,3440640,3440640,3440640,3440640,4587520,4587520,4587520,4587520,4587520,4587520,4587520,4587520,4587520,4587520,4587520,4587520,4587520,4587520,4587520,4587520,4587520,4587520,4587520,4587520,4587520,4587520,4587520,4587520,4587520,4587520,4587520,4587520,4587520,4587520,4587520,4587520,4587520,4587520,


Execution in GPU only started

Code: 111111111111111111111111111111111111111111111111111111111111111111111111111111111111111111111111111111111111111111111111111111111111111111111111111111111111111111111111111111111111111111111111111111111111111111111111111111111111111111111111111111111111111111111111111111111111111111111111111111111111111111111111111111111111111111111111111111111111111111111111111111111111111111111111111111111111111111111111111111111111111111111111111111111111111111111111111111111111111111111111111111111111111111111

Execution in CPU only started

Code: 00000000000000000000000000000000000000000000000000000000000000000000000000000000000000000000000000000000000000000000000000000000000000000000000000000000000000000000000000000000000000000000000000000000000000000000000000000000000000000000000000000000000000000000000000000000000000000000000000000000000000000000000000000000000000000000000000000000000000000000000000000000000000000000000000000000000000000000000000000000000000000000000000000000000000000000000000000000000000000000000000000000000000000000

Automated Hybrid Execution started

Code: 1111111111111111OCSM1111111111111111111111111111111111111111111111OCSM1111111111111111111111111111111111111111111111OCSM1111111111111111111111111111111111111111111111OCSM1111111111111111111111111111111111111111111111OCSM1111111111111111111111111111111111111111111111OCSM1111111111111111111111111111111111111111111111OCSM1111111111111111111111111111111111111111111111OCSM1111111111111111111111111111111111111111111111OCSM1111111111111111111111111111111111111111111111OCSM1111111111111111111111111111111111111111111111OCSM1111111111111111111111111

Automated ML only Execution started

Code: 111111111111111111111111111111111111111111111111111111111111111111111111111111111111111111111111111111111111111111111111111111111111111111111111111111111111111111111111111111111111111111111111111111111111111111111111111111111111111111111111111111111111111111111111111111111111111111111111111111111111111111111111111111111111111111111111111111111111111111111111111111111111111111111111111111111111111111111111111111111111111111111111111111111111111111111111111111111111111111111111111111111111111111111

CPU:	7821	GPU:	1582	SelfFlow:	1629	ML Flow:	1601


/*********Generate GPU Specific Input Stream*********/
256,256,256_________....


Execution in GPU only started

Code: 111111111111111111111111111111111111111111111111111111111111111111111111111111111111111111111111111111111111111111111111111111111111111111111111111111111111111111111111111111111111111111111111111111111111111111111111111111111111111111111111111111111111111111111111111111111111111111111111111111111111111111111111111111111111111111111111111111111111111111111111111111111111111111111111111111111111111111111111111111111111111111111111111111111111111111111111111111111111111111111111111111111111111111111

Execution in CPU only started

Code: 00000000000000000000000000000000000000000000000000000000000000000000000000000000000000000000000000000000000000000000000000000000000000000000000000000000000000000000000000000000000000000000000000000000000000000000000000000000000000000000000000000000000000000000000000000000000000000000000000000000000000000000000000000000000000000000000000000000000000000000000000000000000000000000000000000000000000000000000000000000000000000000000000000000000000000000000000000000000000000000000000000000000000000000

Automated Hybrid Execution started

Code: 1111111111111111111111OCSM1111111111111111111111111111111111111111111111OCSM1111111111111111111111111111111111111111111111OCSM1111111111111111111111111111111111111111111111OCSM1111111111111111111111111111111111111111111111OCSM1111111111111111111111111111111111111111111111OCSM1111111111111111111111111111111111111111111111OCSM1111111111111111111111111111111111111111111111OCSM1111111111111111111111111111111111111111111111OCSM1111111111111111111111111111111111111111111111OCSM1111111111111111111111111111111111111111111111OCSM1111111111111111111

Automated ML only Execution started

Code: 111111111111111111111111111111111111111111111111111111111111111111111111111111111111111111111111111111111111111111111111111111111111111111111111111111111111111111111111111111111111111111111111111111111111111111111111111111111111111111111111111111111111111111111111111111111111111111111111111111111111111111111111111111111111111111111111111111111111111111111111111111111111111111111111111111111111111111111111111111111111111111111111111111111111111111111111111111111111111111111111111111111111111111111

CPU:	31524	GPU:	2871	SelfFlow:	2870	ML Flow:	2819


/*********Generate CPU Specific Input Stream*********/
32,32,32_________....


Execution in GPU only started

Code: 111111111111111111111111111111111111111111111111111111111111111111111111111111111111111111111111111111111111111111111111111111111111111111111111111111111111111111111111111111111111111111111111111111111111111111111111111111111111111111111111111111111111111111111111111111111111111111111111111111111111111111111111111111111111111111111111111111111111111111111111111111111111111111111111111111111111111111111111111111111111111111111111111111111111111111111111111111111111111111111111111111111111111111111

Execution in CPU only started

Code: 00000000000000000000000000000000000000000000000000000000000000000000000000000000000000000000000000000000000000000000000000000000000000000000000000000000000000000000000000000000000000000000000000000000000000000000000000000000000000000000000000000000000000000000000000000000000000000000000000000000000000000000000000000000000000000000000000000000000000000000000000000000000000000000000000000000000000000000000000000000000000000000000000000000000000000000000000000000000000000000000000000000000000000000

Automated Hybrid Execution started

Code: 111111111111111111111111111100000000000000000000000000000000000000000000000000111110000000000000000000000000000000000000000000000000000000000000000011111000000000000000000000000000000000000000000000000000000000000000000000000000000000000000000000000000000000111110000000000000000000000000000000000000000000000000000000000000000000000000000000000000000000000000000000000000000000000000000000000000000000000000000000000000000000001111100000000000000000000000000000000000000000000000000000000000000000000

Automated ML only Execution started

Code: 100000000000000000000000000000000000000000000000000000000000000000000000000000000000000000000000000000000000000000000000000000000000000000000000000000000000000000000000000000000000000000000000000000000000000000000000000000000000000000000000000000000000000000000000000000000000000000000000000000000000000000000000000000000000000000000000000000000000000000000000000000000000000000000000000000000000000000000000000000000000000000000000000000000000000000000000000000000000000000000000000000000000000000000

CPU:	57	GPU:	255	SelfFlow:	81	ML Flow:	58


/*********Generate Odd Input Stream*********/
Dim Array: 491520,6291456,14680064,983040,6881280,4718592,7864320,262144,9175040,589824,1572864,131072,3276800,4128768,1310720,1048576,5242880,1572864,2949120,4194304,11010048,1146880,3145728,5505024,1310720,262144,1310720,6291456,1376256,524288,393216,196608,1605632,4718592,1966080,524288,294912,2752512,458752,6881280,2359296,3211264,1966080,524288,5505024,1179648,2359296,11010048,4194304,1572864,917504,3670016,1638400,6422528,1835008,7340032,1179648,1048576,1310720,6291456,1835008,10485760,4718592,3145728,1179648,6553600,5505024,1310720,5734400,6291456,5505024,3670016,1179648,5505024,1966080,786432,131072,1310720,786432,458752,786432,1310720,4096000,327680,7077888,917504,5505024,7077888,1572864,2621440,4915200,65536,393216,983040,524288,8028160,655360,1048576,2621440,393216,1048576,3932160,4816896,491520,786432,2949120,1310720,196608,4718592,4194304,294912,3932160,6553600,1572864,393216,2752512,3932160,294912,4915200,98304,5242880,524288,4718592,1638400,1146880,3670016,393216,12582912,786432,6291456,786432,294912,3145728,9175040,3670016,4816896,917504,786432,1048576,196608,2293760,786432,983040,2064384,327680,1769472,884736,458752,6291456,589824,5242880,655360,2949120,1966080,655360,655360,1966080,12845056,3440640,2621440,1966080,1966080,983040,3538944,14680064,6553600,688128,3932160,229376,589824,983040,5505024,2949120,983040,393216,2752512,4587520,1835008,196608,4194304,589824,3145728,3440640,589824,8257536,163840,3276800,2752512,3145728,3211264,1572864,12582912,7340032,5505024,2359296,4915200,3932160,786432,6881280,786432,5242880,917504,1376256,2752512,16777216,11010048,1146880,2752512,2097152,4194304,655360,1835008,10485760,5505024,1966080,3145728,327680,2621440,1835008,196608,196608,2752512,688128,6881280,229376,131072,3932160,131072,6291456,1572864,327680,1179648,131072,262144,4194304,917504,1835008,2752512,9633792,1179648,983040,1146880,1376256,3211264,688128,786432,983040,2097152,4194304,4096000,4194304,4194304,1769472,983040,2359296,786432,4128768,1572864,3276800,2752512,5898240,2359296,4194304,5898240,196608,163840,2949120,98304,131072,229376,65536,1048576,1146880,11239424,1572864,524288,11239424,2064384,1048576,5505024,786432,3145728,1572864,131072,1572864,7340032,1048576,1376256,3145728,9437184,2752512,983040,589824,4587520,1572864,294912,8028160,393216,917504,884736,294912,1310720,4718592,2064384,1048576,131072,1572864,2359296,655360,3145728,786432,4587520,5505024,2949120,65536,1376256,1376256,524288,2949120,1146880,4718592,3145728,2621440,1572864,3145728,655360,4816896,2359296,1572864,2097152,12845056,3670016,196608,4128768,2359296,3440640,7077888,3538944,786432,327680,3670016,5505024,1835008,1146880,1835008,819200,393216,655360,589824,10485760,655360,458752,1835008,524288,589824,5734400,1835008,1572864,589824,983040,786432,5505024,2621440,7340032,1572864,2752512,196608,12582912,4718592,2621440,1572864,9633792,196608,2621440,1638400,786432,196608,3440640,11010048,1605632,65536,1310720,655360,393216,2621440,589824,655360,3932160,917504,1966080,589824,1376256,917504,2097152,5734400,917504,491520,9437184,2097152,1638400,2293760,1835008,3440640,98304,2752512,1966080,2293760,917504,3932160,1572864,131072,393216,917504,6881280,10485760,1638400,786432,786432,327680,1310720,983040,786432,8028160,262144,3932160,196608,1048576,327680,4587520,1146880,6422528,655360,3440640,10485760,2752512,2457600,393216,1572864,5734400,11010048,1572864,786432,1572864,4718592,983040,491520,2621440,3670016,3145728,1966080,1376256,786432,1835008,2752512,4128768,589824,589824,1966080,2097152,262144,9437184,1605632,9175040,917504,819200,229376,786432,163840,1572864,786432,786432,32768,3440640,786432,14680064,3145728,2621440,393216,5242880,3440640,9437184,3932160,1146880,983040,16777216,3145728,1572864,11010048,1376256,9175040,1146880,3670016,2064384,1376256,12845056,3145728,2359296,458752,3145728,1966080,


Execution in GPU only started

Code: 111111111111111111111111111111111111111111111111111111111111111111111111111111111111111111111111111111111111111111111111111111111111111111111111111111111111111111111111111111111111111111111111111111111111111111111111111111111111111111111111111111111111111111111111111111111111111111111111111111111111111111111111111111111111111111111111111111111111111111111111111111111111111111111111111111111111111111111111111111111111111111111111111111111111111111111111111111111111111111111111111111111111111111111

Execution in CPU only started

Code: 00000000000000000000000000000000000000000000000000000000000000000000000000000000000000000000000000000000000000000000000000000000000000000000000000000000000000000000000000000000000000000000000000000000000000000000000000000000000000000000000000000000000000000000000000000000000000000000000000000000000000000000000000000000000000000000000000000000000000000000000000000000000000000000000000000000000000000000000000000000000000000000000000000000000000000000000000000000000000000000000000000000000000000000

Automated Hybrid Execution started

Code: 1OCSM1111111111111111111111111111111111111111111111OCSM1111111111111111111111111111111111111111111111OCSM1111111111111111111111111111111111111111111111OCSM1111111111111111111111111111111111111111111111OCSM1111111111111111111111111111111111111111111111OCSM1111111111111111111111111111111111111111111111OCSM1111111111111111111111111111111111111111111111OCSM1111111111111111111111111111111111111111111111OCSM1111111111111111111111111111111111111111111111OCSM1111111111111111111111111111111111111111111111OCSM1111111111111111111111111111111111111111

Automated ML only Execution started

Code: 111101111111011111011111111111011011101111111111111111111111111111111111111111110011010111110111101111111011111111101111010111101011111111111110101111111111111111111111111011111110111101011111111111110111111111101111111100111011011110111111101111111111110111111111100110000011011111111111111111110101101111011011111010111111111111111111111001101111001101111110011111111111101110110010011111101011111111110111011010111111010101100111111110011111111111111111111111111101011001111101111111111111111111111

CPU:	4986	GPU:	1041	SelfFlow:	1063	ML Flow:	1055



CPU:	12202	GPU:	1282	SelfFlow:	1222	ML Flow:	1119



CPU:	7821	GPU:	1582	SelfFlow:	1629	ML Flow:	1601



CPU:	31524	GPU:	2871	SelfFlow:	2870	ML Flow:	2819



CPU:	57	GPU:	255	SelfFlow:	81	ML Flow:	58



CPU:	4986	GPU:	1041	SelfFlow:	1063	ML Flow:	1055


