#Iteration  #Cost
<<<<<<< HEAD
0 1.33529
1 1.19412
2 1.07477
3 0.978206
4 0.903702
5 0.848143
6 0.806868
7 0.77553
8 0.751011
9 0.731287
10 0.715051
11 0.701433
12 0.689833
13 0.679826
14 0.671095
15 0.663406
16 0.656575
17 0.650462
18 0.644952
19 0.639956
20 0.635398
21 0.631219
22 0.627368
23 0.623803
24 0.620489
25 0.617395
26 0.614496
27 0.611771
28 0.6092
29 0.606767
30 0.604457
31 0.60226
32 0.600163
33 0.598157
34 0.596235
35 0.594387
36 0.592609
37 0.590893
38 0.589236
39 0.587631
40 0.586076
41 0.584565
42 0.583097
43 0.581667
44 0.580273
45 0.578913
46 0.577584
47 0.576284
48 0.575011
49 0.573764
50 0.572541
51 0.57134
52 0.57016
53 0.569001
54 0.56786
55 0.566737
56 0.565631
57 0.564541
58 0.563466
59 0.562406
60 0.56136
61 0.560326
62 0.559306
63 0.558297
64 0.5573
65 0.556314
66 0.555338
67 0.554372
68 0.553417
69 0.55247
70 0.551533
71 0.550604
72 0.549684
73 0.548772
74 0.547868
75 0.546972
76 0.546083
77 0.545201
78 0.544326
79 0.543458
80 0.542597
81 0.541742
82 0.540893
83 0.54005
84 0.539214
85 0.538383
86 0.537558
87 0.536739
88 0.535924
89 0.535116
90 0.534312
91 0.533514
92 0.532721
93 0.531932
94 0.531149
95 0.53037
96 0.529596
97 0.528826
98 0.528061
99 0.527301
100 0.526545
101 0.525793
102 0.525045
103 0.524302
104 0.523563
105 0.522827
106 0.522096
107 0.521369
108 0.520646
109 0.519926
110 0.519211
111 0.518499
112 0.517791
113 0.517086
114 0.516386
115 0.515689
116 0.514995
117 0.514305
118 0.513618
119 0.512935
120 0.512256
121 0.511579
122 0.510906
123 0.510237
124 0.509571
125 0.508907
126 0.508248
127 0.507591
128 0.506938
129 0.506287
130 0.50564
131 0.504996
132 0.504355
133 0.503717
134 0.503082
135 0.50245
136 0.501821
137 0.501195
138 0.500571
139 0.499951
140 0.499334
141 0.498719
142 0.498107
143 0.497498
144 0.496892
145 0.496289
146 0.495688
147 0.49509
148 0.494495
149 0.493902
150 0.493312
151 0.492725
152 0.49214
153 0.491558
154 0.490979
155 0.490402
156 0.489828
157 0.489256
158 0.488687
159 0.48812
160 0.487556
161 0.486994
162 0.486434
163 0.485877
164 0.485323
165 0.484771
166 0.484221
167 0.483674
168 0.483129
169 0.482586
170 0.482045
171 0.481507
172 0.480972
173 0.480438
174 0.479907
175 0.479378
176 0.478851
177 0.478327
178 0.477804
179 0.477284
180 0.476766
181 0.476251
182 0.475737
183 0.475225
184 0.474716
185 0.474209
186 0.473704
187 0.473201
188 0.4727
189 0.472201
190 0.471704
191 0.471209
192 0.470716
193 0.470225
194 0.469736
195 0.469249
196 0.468765
197 0.468282
198 0.467801
199 0.467322
200 0.466845
201 0.466369
202 0.465896
203 0.465425
204 0.464955
205 0.464487
206 0.464022
207 0.463558
208 0.463096
209 0.462635
210 0.462177
211 0.46172
212 0.461265
213 0.460812
214 0.460361
215 0.459911
216 0.459463
217 0.459017
218 0.458573
219 0.45813
220 0.457689
221 0.45725
222 0.456812
223 0.456376
224 0.455942
225 0.45551
226 0.455079
227 0.454649
228 0.454222
229 0.453796
230 0.453371
231 0.452949
232 0.452527
233 0.452108
234 0.45169
235 0.451273
236 0.450858
237 0.450445
238 0.450033
239 0.449623
240 0.449214
241 0.448807
242 0.448401
243 0.447996
244 0.447594
245 0.447192
246 0.446792
247 0.446394
248 0.445997
249 0.445602
250 0.445207
251 0.444815
252 0.444424
253 0.444034
254 0.443645
255 0.443258
256 0.442873
257 0.442488
258 0.442106
259 0.441724
260 0.441344
261 0.440965
262 0.440588
263 0.440211
264 0.439837
265 0.439463
266 0.439091
267 0.43872
268 0.438351
269 0.437982
270 0.437615
271 0.43725
272 0.436885
273 0.436522
274 0.43616
275 0.435799
276 0.43544
277 0.435082
278 0.434725
279 0.434369
280 0.434014
281 0.433661
282 0.433309
283 0.432958
284 0.432608
285 0.43226
286 0.431912
287 0.431566
288 0.431221
289 0.430877
290 0.430534
291 0.430193
292 0.429852
293 0.429513
294 0.429175
295 0.428838
296 0.428502
297 0.428167
298 0.427833
299 0.4275
300 0.427169
301 0.426838
302 0.426509
303 0.426181
304 0.425853
305 0.425527
306 0.425202
307 0.424878
308 0.424555
309 0.424233
310 0.423912
311 0.423592
312 0.423273
313 0.422955
314 0.422638
315 0.422322
316 0.422007
317 0.421693
318 0.421381
319 0.421069
320 0.420758
321 0.420448
322 0.420139
323 0.419831
324 0.419524
325 0.419218
326 0.418912
327 0.418608
328 0.418305
329 0.418003
330 0.417701
331 0.417401
332 0.417101
333 0.416803
334 0.416505
335 0.416208
336 0.415912
337 0.415617
338 0.415323
339 0.41503
340 0.414738
341 0.414446
342 0.414156
343 0.413866
344 0.413577
345 0.413289
346 0.413002
347 0.412716
348 0.41243
349 0.412146
350 0.411862
351 0.411579
352 0.411297
353 0.411016
354 0.410736
355 0.410456
356 0.410177
357 0.4099
358 0.409622
359 0.409346
360 0.409071
361 0.408796
362 0.408522
363 0.408249
364 0.407977
365 0.407705
366 0.407434
367 0.407164
368 0.406895
369 0.406627
370 0.406359
371 0.406092
372 0.405826
373 0.40556
374 0.405296
375 0.405032
376 0.404769
377 0.404506
378 0.404245
379 0.403984
380 0.403723
381 0.403464
382 0.403205
383 0.402947
384 0.402689
385 0.402433
386 0.402177
387 0.401922
388 0.401667
389 0.401413
390 0.40116
391 0.400908
392 0.400656
393 0.400405
394 0.400154
395 0.399905
396 0.399656
397 0.399407
398 0.399159
399 0.398912
400 0.398666
401 0.39842
402 0.398175
403 0.397931
404 0.397687
405 0.397444
406 0.397201
407 0.39696
408 0.396718
409 0.396478
410 0.396238
411 0.395999
412 0.39576
413 0.395522
414 0.395284
415 0.395048
416 0.394811
417 0.394576
418 0.394341
419 0.394107
420 0.393873
421 0.39364
422 0.393407
423 0.393175
424 0.392944
425 0.392713
426 0.392483
427 0.392253
428 0.392024
429 0.391796
430 0.391568
431 0.391341
432 0.391114
433 0.390888
434 0.390662
435 0.390437
436 0.390213
437 0.389989
438 0.389765
439 0.389543
440 0.38932
441 0.389099
442 0.388878
443 0.388657
444 0.388437
445 0.388218
446 0.387999
447 0.38778
448 0.387562
449 0.387345
450 0.387128
451 0.386912
452 0.386696
453 0.386481
454 0.386266
455 0.386052
456 0.385838
457 0.385625
458 0.385412
459 0.3852
460 0.384988
461 0.384777
462 0.384567
463 0.384357
464 0.384147
465 0.383938
466 0.383729
467 0.383521
468 0.383313
469 0.383106
470 0.382899
471 0.382693
472 0.382487
473 0.382282
474 0.382077
475 0.381873
476 0.381669
477 0.381466
478 0.381263
479 0.381061
480 0.380859
481 0.380657
482 0.380456
483 0.380256
484 0.380055
485 0.379856
486 0.379657
487 0.379458
488 0.37926
489 0.379062
490 0.378864
491 0.378667
492 0.378471
493 0.378275
494 0.378079
495 0.377884
496 0.377689
497 0.377495
498 0.377301
499 0.377108
500 0.376915
501 0.376722
502 0.37653
503 0.376338
504 0.376147
505 0.375956
506 0.375765
507 0.375575
508 0.375386
509 0.375196
510 0.375008
511 0.374819
512 0.374631
513 0.374444
514 0.374256
515 0.37407
516 0.373883
517 0.373697
518 0.373512
519 0.373327
520 0.373142
521 0.372957
522 0.372773
523 0.37259
524 0.372407
525 0.372224
526 0.372041
527 0.371859
528 0.371678
529 0.371496
530 0.371315
531 0.371135
532 0.370955
533 0.370775
534 0.370596
535 0.370417
536 0.370238
537 0.37006
538 0.369882
539 0.369704
540 0.369527
541 0.36935
542 0.369174
543 0.368998
544 0.368822
545 0.368647
546 0.368472
547 0.368297
548 0.368123
549 0.367949
550 0.367775
551 0.367602
552 0.367429
553 0.367257
554 0.367084
555 0.366913
556 0.366741
557 0.36657
558 0.366399
559 0.366229
560 0.366059
561 0.365889
562 0.365719
563 0.36555
564 0.365381
565 0.365213
566 0.365045
567 0.364877
568 0.36471
569 0.364543
570 0.364376
571 0.364209
572 0.364043
573 0.363877
574 0.363712
575 0.363547
576 0.363382
577 0.363217
578 0.363053
579 0.362889
580 0.362726
581 0.362562
582 0.362399
583 0.362237
584 0.362075
585 0.361913
586 0.361751
587 0.361589
588 0.361428
589 0.361268
590 0.361107
591 0.360947
592 0.360787
593 0.360627
594 0.360468
595 0.360309
596 0.360151
597 0.359992
598 0.359834
599 0.359676
600 0.359519
601 0.359362
602 0.359205
603 0.359048
604 0.358892
605 0.358736
606 0.35858
607 0.358425
608 0.358269
609 0.358115
610 0.35796
611 0.357806
612 0.357652
613 0.357498
614 0.357344
615 0.357191
616 0.357038
617 0.356886
618 0.356733
619 0.356581
620 0.356429
621 0.356278
622 0.356127
623 0.355976
624 0.355825
625 0.355674
626 0.355524
627 0.355374
628 0.355225
629 0.355075
630 0.354926
631 0.354777
632 0.354629
633 0.35448
634 0.354332
635 0.354184
636 0.354037
637 0.35389
638 0.353743
639 0.353596
640 0.353449
641 0.353303
642 0.353157
643 0.353011
644 0.352866
645 0.35272
646 0.352575
647 0.352431
648 0.352286
649 0.352142
650 0.351998
651 0.351854
652 0.351711
653 0.351567
654 0.351424
655 0.351282
656 0.351139
657 0.350997
658 0.350855
659 0.350713
660 0.350571
661 0.35043
662 0.350289
663 0.350148
664 0.350008
665 0.349867
666 0.349727
667 0.349587
668 0.349447
669 0.349308
670 0.349169
671 0.34903
672 0.348891
673 0.348753
674 0.348614
675 0.348476
676 0.348338
677 0.348201
678 0.348063
679 0.347926
680 0.347789
681 0.347653
682 0.347516
683 0.34738
684 0.347244
685 0.347108
686 0.346972
687 0.346837
688 0.346702
689 0.346567
690 0.346432
691 0.346298
692 0.346163
693 0.346029
694 0.345895
695 0.345762
696 0.345628
697 0.345495
698 0.345362
699 0.345229
700 0.345097
701 0.344964
702 0.344832
703 0.3447
704 0.344569
705 0.344437
706 0.344306
707 0.344175
708 0.344044
709 0.343913
710 0.343782
711 0.343652
712 0.343522
713 0.343392
714 0.343262
715 0.343133
716 0.343004
717 0.342875
718 0.342746
719 0.342617
720 0.342488
721 0.34236
722 0.342232
723 0.342104
724 0.341976
725 0.341849
726 0.341722
727 0.341595
728 0.341468
729 0.341341
730 0.341214
731 0.341088
732 0.340962
733 0.340836
734 0.34071
735 0.340584
736 0.340459
737 0.340334
738 0.340209
739 0.340084
740 0.339959
741 0.339835
742 0.339711
743 0.339587
744 0.339463
745 0.339339
746 0.339215
747 0.339092
748 0.338969
749 0.338846
750 0.338723
751 0.3386
752 0.338478
753 0.338356
754 0.338234
755 0.338112
756 0.33799
757 0.337868
758 0.337747
759 0.337626
760 0.337505
761 0.337384
762 0.337263
763 0.337143
764 0.337023
765 0.336902
766 0.336782
767 0.336663
768 0.336543
769 0.336424
770 0.336304
771 0.336185
772 0.336066
773 0.335947
774 0.335829
775 0.33571
776 0.335592
777 0.335474
778 0.335356
779 0.335238
780 0.335121
781 0.335003
782 0.334886
783 0.334769
784 0.334652
785 0.334535
786 0.334419
787 0.334302
788 0.334186
789 0.33407
790 0.333954
791 0.333838
792 0.333722
793 0.333607
794 0.333491
795 0.333376
796 0.333261
797 0.333146
798 0.333032
799 0.332917
800 0.332803
801 0.332689
802 0.332575
803 0.332461
804 0.332347
805 0.332233
806 0.33212
807 0.332007
808 0.331894
809 0.331781
810 0.331668
811 0.331555
812 0.331443
813 0.33133
814 0.331218
815 0.331106
816 0.330994
817 0.330882
818 0.330771
819 0.330659
820 0.330548
821 0.330437
822 0.330326
823 0.330215
824 0.330104
825 0.329994
826 0.329883
827 0.329773
828 0.329663
829 0.329553
830 0.329443
831 0.329333
832 0.329224
833 0.329114
834 0.329005
835 0.328896
836 0.328787
837 0.328678
838 0.328569
839 0.328461
840 0.328352
841 0.328244
842 0.328136
843 0.328028
844 0.32792
845 0.327812
846 0.327705
847 0.327597
848 0.32749
849 0.327383
850 0.327276
851 0.327169
852 0.327062
853 0.326956
854 0.326849
855 0.326743
856 0.326637
857 0.326531
858 0.326425
859 0.326319
860 0.326213
861 0.326108
862 0.326002
863 0.325897
864 0.325792
865 0.325687
866 0.325582
867 0.325477
868 0.325373
869 0.325268
870 0.325164
871 0.32506
872 0.324956
873 0.324852
874 0.324748
875 0.324644
876 0.32454
877 0.324437
878 0.324334
879 0.324231
880 0.324127
881 0.324025
882 0.323922
883 0.323819
884 0.323717
885 0.323614
886 0.323512
887 0.32341
888 0.323308
889 0.323206
890 0.323104
891 0.323002
892 0.322901
893 0.322799
894 0.322698
895 0.322597
896 0.322496
897 0.322395
898 0.322294
899 0.322193
900 0.322093
901 0.321992
902 0.321892
903 0.321792
904 0.321692
905 0.321592
906 0.321492
907 0.321392
908 0.321292
909 0.321193
910 0.321093
911 0.320994
912 0.320895
913 0.320796
914 0.320697
915 0.320598
916 0.3205
917 0.320401
918 0.320303
919 0.320204
920 0.320106
921 0.320008
922 0.31991
923 0.319812
924 0.319714
925 0.319617
926 0.319519
927 0.319422
928 0.319324
929 0.319227
930 0.31913
931 0.319033
932 0.318936
933 0.31884
934 0.318743
935 0.318646
936 0.31855
937 0.318454
938 0.318358
939 0.318262
940 0.318166
941 0.31807
942 0.317974
943 0.317878
944 0.317783
945 0.317687
946 0.317592
947 0.317497
948 0.317402
949 0.317307
950 0.317212
951 0.317117
952 0.317022
953 0.316928
954 0.316833
955 0.316739
956 0.316645
957 0.316551
958 0.316457
959 0.316363
960 0.316269
961 0.316175
962 0.316082
963 0.315988
964 0.315895
965 0.315801
966 0.315708
967 0.315615
968 0.315522
969 0.315429
970 0.315336
971 0.315244
972 0.315151
973 0.315059
974 0.314966
975 0.314874
976 0.314782
977 0.31469
978 0.314598
979 0.314506
980 0.314414
981 0.314322
982 0.314231
983 0.314139
984 0.314048
985 0.313957
986 0.313866
987 0.313775
988 0.313684
989 0.313593
990 0.313502
991 0.313411
992 0.313321
993 0.31323
994 0.31314
995 0.313049
996 0.312959
997 0.312869
998 0.312779
999 0.312689
1000 0.312599
=======
0 1.28856
1 1.21503
2 1.15095
3 1.09562
4 1.0482
5 1.00778
6 0.973325
7 0.943816
8 0.918313
9 0.89604
10 0.876386
11 0.858877
12 0.843152
13 0.828928
14 0.815986
15 0.804149
16 0.793276
17 0.783252
18 0.773981
19 0.76538
20 0.757383
21 0.74993
22 0.74297
23 0.736459
24 0.730357
25 0.72463
26 0.719247
27 0.71418
28 0.709404
29 0.704897
30 0.700637
31 0.696607
32 0.692789
33 0.689167
34 0.685728
35 0.682457
36 0.679344
37 0.676377
38 0.673545
39 0.67084
40 0.668253
41 0.665775
42 0.663399
43 0.661118
44 0.658927
45 0.656818
46 0.654787
47 0.652829
48 0.650939
49 0.649113
50 0.647346
51 0.645635
52 0.643976
53 0.642367
54 0.640804
55 0.639285
56 0.637806
57 0.636366
58 0.634963
59 0.633594
60 0.632257
61 0.63095
62 0.629672
63 0.628422
64 0.627197
65 0.625997
66 0.62482
67 0.623665
68 0.622531
69 0.621417
70 0.620321
71 0.619244
72 0.618183
73 0.617139
74 0.61611
75 0.615096
76 0.614096
77 0.61311
78 0.612137
79 0.611176
80 0.610227
81 0.609289
82 0.608362
83 0.607446
84 0.606539
85 0.605643
86 0.604756
87 0.603877
88 0.603008
89 0.602146
90 0.601293
91 0.600448
92 0.59961
93 0.598779
94 0.597955
95 0.597139
96 0.596329
97 0.595525
98 0.594727
99 0.593936
100 0.593151
101 0.592371
102 0.591597
103 0.590828
104 0.590064
105 0.589306
106 0.588553
107 0.587804
108 0.587061
109 0.586322
110 0.585588
111 0.584858
112 0.584132
113 0.583411
114 0.582694
115 0.581982
116 0.581273
117 0.580568
118 0.579868
119 0.579171
120 0.578477
121 0.577788
122 0.577102
123 0.57642
124 0.575741
125 0.575066
126 0.574394
127 0.573726
128 0.573061
129 0.572399
130 0.57174
131 0.571085
132 0.570432
133 0.569783
134 0.569137
135 0.568494
136 0.567854
137 0.567217
138 0.566582
139 0.565951
140 0.565322
141 0.564697
142 0.564074
143 0.563454
144 0.562836
145 0.562221
146 0.561609
147 0.561
148 0.560393
149 0.559789
150 0.559187
151 0.558588
152 0.557992
153 0.557397
154 0.556806
155 0.556217
156 0.55563
157 0.555046
158 0.554464
159 0.553884
160 0.553307
161 0.552732
162 0.55216
163 0.55159
164 0.551022
165 0.550456
166 0.549893
167 0.549331
168 0.548773
169 0.548216
170 0.547661
171 0.547109
172 0.546558
173 0.54601
174 0.545464
175 0.54492
176 0.544379
177 0.543839
178 0.543301
179 0.542766
180 0.542232
181 0.5417
182 0.541171
183 0.540643
184 0.540118
185 0.539594
186 0.539073
187 0.538553
188 0.538035
189 0.537519
190 0.537005
191 0.536493
192 0.535983
193 0.535475
194 0.534968
195 0.534464
196 0.533961
197 0.53346
198 0.532961
199 0.532464
200 0.531969
201 0.531475
202 0.530983
203 0.530493
204 0.530005
205 0.529518
206 0.529033
207 0.52855
208 0.528068
209 0.527589
210 0.527111
211 0.526634
212 0.52616
213 0.525687
214 0.525215
215 0.524746
216 0.524278
217 0.523811
218 0.523346
219 0.522883
220 0.522422
221 0.521962
222 0.521503
223 0.521046
224 0.520591
225 0.520137
226 0.519685
227 0.519235
228 0.518786
229 0.518338
230 0.517892
231 0.517448
232 0.517005
233 0.516563
234 0.516123
235 0.515685
236 0.515248
237 0.514812
238 0.514378
239 0.513945
240 0.513514
241 0.513084
242 0.512656
243 0.512229
244 0.511803
245 0.511379
246 0.510957
247 0.510535
248 0.510115
249 0.509697
250 0.509279
251 0.508864
252 0.508449
253 0.508036
254 0.507624
255 0.507214
256 0.506804
257 0.506396
258 0.50599
259 0.505585
260 0.505181
261 0.504778
262 0.504377
263 0.503977
264 0.503578
265 0.50318
266 0.502784
267 0.502389
268 0.501995
269 0.501603
270 0.501211
271 0.500821
272 0.500432
273 0.500045
274 0.499658
275 0.499273
276 0.498889
277 0.498506
278 0.498125
279 0.497744
280 0.497365
281 0.496987
282 0.49661
283 0.496234
284 0.495859
285 0.495486
286 0.495113
287 0.494742
288 0.494372
289 0.494003
290 0.493635
291 0.493268
292 0.492903
293 0.492538
294 0.492175
295 0.491812
296 0.491451
297 0.491091
298 0.490732
299 0.490374
300 0.490016
301 0.489661
302 0.489306
303 0.488952
304 0.488599
305 0.488247
306 0.487896
307 0.487547
308 0.487198
309 0.48685
310 0.486504
311 0.486158
312 0.485813
313 0.48547
314 0.485127
315 0.484785
316 0.484445
317 0.484105
318 0.483766
319 0.483429
320 0.483092
321 0.482756
322 0.482421
323 0.482087
324 0.481754
325 0.481422
326 0.481091
327 0.480761
328 0.480432
329 0.480103
330 0.479776
331 0.47945
332 0.479124
333 0.478799
334 0.478476
335 0.478153
336 0.477831
337 0.47751
338 0.47719
339 0.47687
340 0.476552
341 0.476234
342 0.475918
343 0.475602
344 0.475287
345 0.474973
346 0.47466
347 0.474347
348 0.474036
349 0.473725
350 0.473415
351 0.473106
352 0.472798
353 0.472491
354 0.472184
355 0.471879
356 0.471574
357 0.47127
358 0.470966
359 0.470664
360 0.470362
361 0.470062
362 0.469761
363 0.469462
364 0.469164
365 0.468866
366 0.468569
367 0.468273
368 0.467978
369 0.467683
370 0.467389
371 0.467096
372 0.466804
373 0.466512
374 0.466222
375 0.465931
376 0.465642
377 0.465354
378 0.465066
379 0.464779
380 0.464492
381 0.464207
382 0.463922
383 0.463638
384 0.463354
385 0.463072
386 0.46279
387 0.462508
388 0.462228
389 0.461948
390 0.461669
391 0.46139
392 0.461112
393 0.460835
394 0.460559
395 0.460283
396 0.460008
397 0.459734
398 0.45946
399 0.459187
400 0.458915
401 0.458643
402 0.458372
403 0.458102
404 0.457832
405 0.457563
406 0.457295
407 0.457027
408 0.45676
409 0.456494
410 0.456228
411 0.455963
412 0.455698
413 0.455434
414 0.455171
415 0.454909
416 0.454647
417 0.454385
418 0.454125
419 0.453865
420 0.453605
421 0.453346
422 0.453088
423 0.45283
424 0.452573
425 0.452317
426 0.452061
427 0.451806
428 0.451551
429 0.451297
430 0.451044
431 0.450791
432 0.450539
433 0.450287
434 0.450036
435 0.449786
436 0.449536
437 0.449286
438 0.449037
439 0.448789
440 0.448542
441 0.448295
442 0.448048
443 0.447802
444 0.447557
445 0.447312
446 0.447068
447 0.446824
448 0.446581
449 0.446338
450 0.446096
451 0.445855
452 0.445614
453 0.445373
454 0.445133
455 0.444894
456 0.444655
457 0.444417
458 0.444179
459 0.443942
460 0.443705
461 0.443469
462 0.443233
463 0.442998
464 0.442763
465 0.442529
466 0.442296
467 0.442062
468 0.44183
469 0.441598
470 0.441366
471 0.441135
472 0.440904
473 0.440674
474 0.440445
475 0.440216
476 0.439987
477 0.439759
478 0.439531
479 0.439304
480 0.439078
481 0.438851
482 0.438626
483 0.438401
484 0.438176
485 0.437952
486 0.437728
487 0.437504
488 0.437282
489 0.437059
490 0.436837
491 0.436616
492 0.436395
493 0.436175
494 0.435954
495 0.435735
496 0.435516
497 0.435297
498 0.435079
499 0.434861
500 0.434644
501 0.434427
502 0.434211
503 0.433995
504 0.433779
505 0.433564
506 0.433349
507 0.433135
508 0.432921
509 0.432708
510 0.432495
511 0.432283
512 0.432071
513 0.431859
514 0.431648
515 0.431437
516 0.431227
517 0.431017
518 0.430807
519 0.430598
520 0.430389
521 0.430181
522 0.429973
523 0.429766
524 0.429559
525 0.429352
526 0.429146
527 0.42894
528 0.428735
529 0.42853
530 0.428326
531 0.428121
532 0.427918
533 0.427714
534 0.427511
535 0.427309
536 0.427107
537 0.426905
538 0.426703
539 0.426502
540 0.426302
541 0.426102
542 0.425902
543 0.425702
544 0.425503
545 0.425304
546 0.425106
547 0.424908
548 0.424711
549 0.424514
550 0.424317
551 0.42412
552 0.423924
553 0.423729
554 0.423533
555 0.423338
556 0.423144
557 0.42295
558 0.422756
559 0.422562
560 0.422369
561 0.422176
562 0.421984
563 0.421792
564 0.4216
565 0.421409
566 0.421218
567 0.421027
568 0.420837
569 0.420647
570 0.420458
571 0.420268
572 0.42008
573 0.419891
574 0.419703
575 0.419515
576 0.419328
577 0.41914
578 0.418954
579 0.418767
580 0.418581
581 0.418395
582 0.41821
583 0.418025
584 0.41784
585 0.417656
586 0.417471
587 0.417288
588 0.417104
589 0.416921
590 0.416738
591 0.416556
592 0.416374
593 0.416192
594 0.41601
595 0.415829
596 0.415648
597 0.415468
598 0.415288
599 0.415108
600 0.414928
601 0.414749
602 0.41457
603 0.414391
604 0.414213
605 0.414035
606 0.413857
607 0.41368
608 0.413503
609 0.413326
610 0.413149
611 0.412973
612 0.412797
613 0.412622
614 0.412447
615 0.412272
616 0.412097
617 0.411923
618 0.411749
619 0.411575
620 0.411401
621 0.411228
622 0.411055
623 0.410883
624 0.410711
625 0.410539
626 0.410367
627 0.410195
628 0.410024
629 0.409854
630 0.409683
631 0.409513
632 0.409343
633 0.409173
634 0.409004
635 0.408835
636 0.408666
637 0.408497
638 0.408329
639 0.408161
640 0.407993
641 0.407826
642 0.407659
643 0.407492
644 0.407325
645 0.407159
646 0.406993
647 0.406827
648 0.406661
649 0.406496
650 0.406331
651 0.406166
652 0.406002
653 0.405838
654 0.405674
655 0.40551
656 0.405347
657 0.405184
658 0.405021
659 0.404858
660 0.404696
661 0.404534
662 0.404372
663 0.404211
664 0.404049
665 0.403888
666 0.403728
667 0.403567
668 0.403407
669 0.403247
670 0.403087
671 0.402927
672 0.402768
673 0.402609
674 0.402451
675 0.402292
676 0.402134
677 0.401976
678 0.401818
679 0.401661
680 0.401503
681 0.401346
682 0.40119
683 0.401033
684 0.400877
685 0.400721
686 0.400565
687 0.400409
688 0.400254
689 0.400099
690 0.399944
691 0.39979
692 0.399635
693 0.399481
694 0.399327
695 0.399174
696 0.39902
697 0.398867
698 0.398714
699 0.398561
700 0.398409
701 0.398257
702 0.398105
703 0.397953
704 0.397801
705 0.39765
706 0.397499
707 0.397348
708 0.397197
709 0.397047
710 0.396897
711 0.396747
712 0.396597
713 0.396448
714 0.396298
715 0.396149
716 0.396
717 0.395852
718 0.395703
719 0.395555
720 0.395407
721 0.39526
722 0.395112
723 0.394965
724 0.394818
725 0.394671
726 0.394524
727 0.394378
728 0.394231
729 0.394085
730 0.39394
731 0.393794
732 0.393649
733 0.393503
734 0.393358
735 0.393214
736 0.393069
737 0.392925
738 0.392781
739 0.392637
740 0.392493
741 0.39235
742 0.392206
743 0.392063
744 0.39192
745 0.391778
746 0.391635
747 0.391493
748 0.391351
749 0.391209
750 0.391067
751 0.390926
752 0.390785
753 0.390644
754 0.390503
755 0.390362
756 0.390222
757 0.390081
758 0.389941
759 0.389801
760 0.389662
761 0.389522
762 0.389383
763 0.389244
764 0.389105
765 0.388966
766 0.388828
767 0.388689
768 0.388551
769 0.388413
770 0.388276
771 0.388138
772 0.388001
773 0.387864
774 0.387727
775 0.38759
776 0.387453
777 0.387317
778 0.387181
779 0.387045
780 0.386909
781 0.386773
782 0.386637
783 0.386502
784 0.386367
785 0.386232
786 0.386097
787 0.385963
788 0.385828
789 0.385694
790 0.38556
791 0.385426
792 0.385293
793 0.385159
794 0.385026
795 0.384893
796 0.38476
797 0.384627
798 0.384494
799 0.384362
800 0.38423
801 0.384098
802 0.383966
803 0.383834
804 0.383703
805 0.383571
806 0.38344
807 0.383309
808 0.383178
809 0.383047
810 0.382917
811 0.382787
812 0.382656
813 0.382526
814 0.382397
815 0.382267
816 0.382137
817 0.382008
818 0.381879
819 0.38175
820 0.381621
821 0.381493
822 0.381364
823 0.381236
824 0.381108
825 0.38098
826 0.380852
827 0.380724
828 0.380597
829 0.380469
830 0.380342
831 0.380215
832 0.380088
833 0.379962
834 0.379835
835 0.379709
836 0.379583
837 0.379457
838 0.379331
839 0.379205
840 0.37908
841 0.378954
842 0.378829
843 0.378704
844 0.378579
845 0.378454
846 0.37833
847 0.378205
848 0.378081
849 0.377957
850 0.377833
851 0.377709
852 0.377585
853 0.377462
854 0.377338
855 0.377215
856 0.377092
857 0.376969
858 0.376846
859 0.376724
860 0.376601
861 0.376479
862 0.376357
863 0.376235
864 0.376113
865 0.375991
866 0.37587
867 0.375749
868 0.375627
869 0.375506
870 0.375385
871 0.375264
872 0.375144
873 0.375023
874 0.374903
875 0.374783
876 0.374663
877 0.374543
878 0.374423
879 0.374303
880 0.374184
881 0.374064
882 0.373945
883 0.373826
884 0.373707
885 0.373588
886 0.37347
887 0.373351
888 0.373233
889 0.373115
890 0.372997
891 0.372879
892 0.372761
893 0.372643
894 0.372526
895 0.372409
896 0.372291
897 0.372174
898 0.372057
899 0.37194
900 0.371824
901 0.371707
902 0.371591
903 0.371475
904 0.371358
905 0.371242
906 0.371127
907 0.371011
908 0.370895
909 0.37078
910 0.370665
911 0.370549
912 0.370434
913 0.370319
914 0.370205
915 0.37009
916 0.369975
917 0.369861
918 0.369747
919 0.369633
920 0.369519
921 0.369405
922 0.369291
923 0.369178
924 0.369064
925 0.368951
926 0.368838
927 0.368724
928 0.368611
929 0.368499
930 0.368386
931 0.368273
932 0.368161
933 0.368049
934 0.367937
935 0.367824
936 0.367713
937 0.367601
938 0.367489
939 0.367378
940 0.367266
941 0.367155
942 0.367044
943 0.366933
944 0.366822
945 0.366711
946 0.3666
947 0.36649
948 0.366379
949 0.366269
950 0.366159
951 0.366049
952 0.365939
953 0.365829
954 0.365719
955 0.36561
956 0.3655
957 0.365391
958 0.365282
959 0.365173
960 0.365064
961 0.364955
962 0.364846
963 0.364737
964 0.364629
965 0.364521
966 0.364412
967 0.364304
968 0.364196
969 0.364088
970 0.36398
971 0.363873
972 0.363765
973 0.363658
974 0.36355
975 0.363443
976 0.363336
977 0.363229
978 0.363122
979 0.363016
980 0.362909
981 0.362802
982 0.362696
983 0.36259
984 0.362484
985 0.362378
986 0.362272
987 0.362166
988 0.36206
989 0.361955
990 0.361849
991 0.361744
992 0.361638
993 0.361533
994 0.361428
995 0.361323
996 0.361218
997 0.361114
998 0.361009
999 0.360905
1000 0.3608
>>>>>>> 59c27261dfd4da22dc6a8eba478c874098c0fbb6
